[
[1936 0.226914405 0.164224222]
[1937 0.236276189 0.169856471]
[1938 0.245637972 0.17548872]
[1939 0.254999755 0.181120969]
[1940 0.264361538 0.186753218]
[1941 0.273723322 0.192385466]
[1942 0.283085105 0.198017715]
[1943 0.292446888 0.203649964]
[1944 0.301516809 0.215110737]
[1945 0.310586729 0.226571509]
[1946 0.31965665 0.238032282]
[1947 0.32872657 0.249493054]
[1948 0.337796491 0.260953826]
[1949 0.331021635 0.26817191]
[1950 0.324246779 0.275389994]
[1951 0.317471923 0.282608078]
[1952 0.310697068 0.289826161]
[1953 0.303922212 0.297044245]
[1954 0.297857101 0.289249589]
[1955 0.29179199 0.281454932]
[1956 0.28572688 0.273660276]
[1957 0.279661769 0.26586562]
[1958 0.273596659 0.258070963]
[1959 0.273405906 0.261223007]
[1960 0.273215154 0.264375051]
[1961 0.273024401 0.267527094]
[1962 0.272833649 0.270679138]
[1963 0.272642897 0.273831182]
[1964 0.276742176 0.27845068]
[1965 0.280841455 0.283070178]
[1966 0.284940735 0.287689676]
[1967 0.289040014 0.292309174]
[1968 0.293139293 0.296928672]
[1969 0.295171499 0.301402281]
[1970 0.297203705 0.305875891]
[1971 0.299235911 0.3103495]
[1972 0.301268117 0.31482311]
[1973 0.303300323 0.319296719]
[1974 0.30558216 0.324272988]
[1975 0.307863996 0.329249256]
[1976 0.310145832 0.334225525]
[1977 0.312427668 0.339201793]
[1978 0.314709504 0.344178062]
[1979 0.317335938 0.349782194]
[1980 0.319962371 0.355386325]
[1981 0.322588804 0.360990457]
[1982 0.325215238 0.366594589]
[1983 0.327841671 0.37219872]
[1984 0.330644377 0.378234152]
[1985 0.333447082 0.384269584]
[1986 0.336249788 0.390305016]
[1987 0.339052493 0.396340447]
[1988 0.341855199 0.402375879]
[1989 0.344777934 0.408774224]
[1990 0.347700669 0.415172568]
[1991 0.350623404 0.421570912]
[1992 0.353546139 0.427969256]
[1993 0.356468874 0.434367601]
[1994 0.359457085 0.441037022]
[1995 0.362445297 0.447706443]
[1996 0.365433509 0.454375864]
[1997 0.36842172 0.461045285]
[1998 0.371409932 0.467714706]
[1999 0.374519311 0.474503589]
[2000 0.377628691 0.481292472]
[2001 0.38073807 0.488081355]
[2002 0.383847449 0.494870238]
[2003 0.386956829 0.501659121]
[2004 0.390196824 0.508518122]
[2005 0.393436819 0.515377123]
[2006 0.396676814 0.522236124]
[2007 0.39991681 0.529095125]
[2008 0.403156805 0.535954126]
[2009 0.406538731 0.54241575]
[2010 0.409920656 0.548877374]
[2011 0.413302582 0.555338998]
[2012 0.416684508 0.561800622]
[2013 0.420066434 0.568262246]
[2014 0.423584656 0.574345675]
[2015 0.427102877 0.580429104]
[2016 0.430621099 0.586512534]
[2017 0.434139321 0.592595963]
[2018 0.437657543 0.598679393]
[2019 0.441175765 0.604762822]
[2020 0.444693987 0.610846252]
]

